[79.3649, 4.05188]   [140.456, 15.056]
[110.775, 4.39628]   [169.788, 4.61306]
[38.8241, 5.73538]   [102.652, 30.931]
[61.8941, 6.71638]   [124.823, 23.9779]
[76.6164, 6.37801]   [138.326, 18.3085]
[80.0418, 8.8539]   [142.653, 19.5005]
[114.964, 10.5495]   [175.896, 9.10423]
[137.555, 13.5306]   [198.423, 4.03102]
[24.7693, 14.9933]   [93.0722, 44.1291]
[35.2366, 16.5292]   [103.151, 41.8463]
[123.396, 16.7673]   [186.037, 11.7687]
[39.1749, 19.0533]   [107.472, 42.9917]
[41.627, 20.8694]   [110.683, 43.9493]
[120.815, 20.9027]   [184.998, 16.5527]
[158.095, 21.1418]   [219.941, 4.25533]
[67.8297, 21.6532]   [135.505, 35.5572]
[92.6206, 21.2736]   [158.482, 26.9809]
[124.751, 21.9725]   [189.481, 16.0321]
[64.9912, 23.601]   [133.629, 38.4517]
[89.9485, 23.5994]   [156.936, 30.4764]
[30.3764, 24.1432]   [101.382, 50.6822]
[82, 23.8231]   [149.451, 32.5787]
[119.256, 26.9722]   [185.055, 22.8186]
[61.3452, 28.2112]   [131.666, 43.9922]
[79.1117, 28.095]   [147.736, 38.2811]
[115.355, 30.6846]   [183.372, 27.8005]
[50.8013, 31.5514]   [122.919, 49.9034]
[54.21, 31.8839]   [126.162, 50.0544]
[173.825, 33.0712]   [238.967, 10.2268]
[95.7508, 34.697]   [166.091, 38.2321]
[157.709, 36.5432]   [225.009, 18.7581]
[207.803, 37.3884]   [272.416, 2.43552]
[19.0057, 43.0526]   [96.7634, 72.3037]
[181.15, 42.9507]   [249.703, 16.5652]
[106.028, 43.5298]   [179.078, 43.1207]
[211.456, 44.8791]   [278.883, 7.33478]
[12.6325, 45.3497]   [91.5532, 76.508]
[199.644, 47.176]   [268.133, 14.2656]
[68.0359, 47.5128]   [144.77, 59.7023]
[174.871, 48.2162]   [244.773, 24.1236]
[135.11, 50.4353]   [208.716, 39.4629]
[166.586, 50.8713]   [238.745, 28.8655]
[57.0373, 52.0193]   [135.735, 67.8459]
[81.6432, 52.0565]   [158.85, 59.1273]
[63.8833, 52.691]   [142.45, 65.8986]
[210.865, 52.2906]   [280.432, 15.4856]
[19.0484, 55.5543]   [100.921, 84.4805]
[148.636, 56.2271]   [223.35, 40.5722]
[135.004, 57.809]   [211.028, 46.8845]
[124.551, 61.0507]   [201.833, 53.1359]
[140.375, 61.6207]   [216.821, 48.5157]
[33.4021, 62.0712]   [116.887, 85.2331]
[95.5471, 61.9083]   [175.326, 63.855]
[191.346, 62.8831]   [265.625, 32.1743]
[60.9519, 63.5081]   [142.983, 76.9057]
[88.424, 63.5766]   [169.115, 67.7997]
[197.673, 64.6123]   [272.253, 31.5766]
[117.291, 65.5116]   [197.165, 59.939]
[46.648, 66.5766]   [130.708, 84.3494]
[82.5222, 66.4157]   [165.148, 72.3719]
[128.083, 68.7329]   [208.128, 59.3253]
[112.195, 70.5818]   [194.082, 66.6176]
[31.0147, 71.5249]   [118.993, 94.1244]
[53.6985, 72.3138]   [139.846, 88.1518]
[9.7176, 74.5994]   [99.3433, 105.043]
[24.6852, 77.1876]   [114.014, 102.142]
[15.4588, 78.3982]   [105.344, 106.097]
[67.4732, 81.5658]   [155.501, 91.9156]
[16.7039, 85.0841]   [108.91, 112.724]
[141.106, 85.3501]   [226.111, 70.5109]
[40.5567, 88.0973]   [132.653, 107.199]
[87.0234, 89.4269]   [176.861, 92.3452]
[81.9606, 92.2558]   [172.7, 97.3219]
[96.4869, 93.2444]   [186.567, 93.3097]
[103.015, 93.0683]   [192.882, 90.8901]
[64.3046, 96.1079]   [157.452, 106.963]
[75.4034, 97.7266]   [168.635, 104.61]
[13.1328, 98.1062]   [110.394, 126.124]
[152.457, 102.166]   [242.43, 82.3992]
[27.8386, 110.256]   [128.333, 132.303]
[69.579, 110.427]   [167.612, 118.521]
[104.929, 114.217]   [201.883, 110.139]
[88.6764, 114.618]   [187.38, 115.628]
[61.5838, 117.368]   [162.702, 127.748]
[84.2789, 117.884]   [183.694, 120.326]
[145.158, 123.483]   [242.965, 104.823]
[62.1334, 124.969]   [164.972, 134.815]
[138.743, 125.502]   [237.603, 108.778]
[151.892, 125.796]   [249.796, 104.783]
[135.754, 128.696]   [235.949, 112.364]
[38.0956, 132.438]   [144.989, 149.624]
[93.8916, 134.322]   [198.515, 132.289]
[132.444, 135.582]   [235.355, 120.46]
[81.6541, 136.623]   [187.859, 138.597]
[53.9542, 138.042]   [162.188, 149.308]
[146.454, 138.825]   [249.477, 119.288]
[91.6242, 139.641]   [197.69, 138.571]
[65.0632, 141.435]   [174.004, 149.417]
[130.697, 141.744]   [235.97, 126.884]
[62.3042, 142.657]   [171.23, 151.003]
[41.5094, 143.479]   [152.532, 159.585]
[100.671, 149.947]   [210.232, 144.618]
[144.81, 149.923]   [251.808, 129.759]
[100.884, 153.294]   [211.453, 148.166]
[143.175, 153.612]   [251.192, 134.628]
[77.7388, 156.537]   [190.661, 158.751]
[118.799, 159.373]   [230.457, 147.508]
[48.8303, 160.228]   [164.997, 172.192]
[14.2097, 162.431]   [133.101, 186.238]
[28.0934, 166.067]   [147.43, 184.972]
[87.5967, 167.788]   [203.957, 166.055]
[12.0167, 169.192]   [133.433, 193.343]
[103.41, 173.14]   [220.417, 165.406]
[116.062, 177.473]   [234.144, 165.473]
[130.97, 184.584]   [250.689, 167.003]
[43.5, 185.239]   [168.438, 197.191]
[127.621, 186.575]   [248.029, 170.462]
[113.146, 192.971]   [236.839, 181.075]
[116.679, 203.516]   [243.87, 190.326]
[98.8675, 228.209]   [235.721, 219.245]
[104.066, 234.045]   [241.954, 222.461]
[134.63, 236.386]   [272.141, 213.786]
[130.775, 255.872]   [274.857, 233.612]
[60.5883, 258.53]   [209.936, 260.558]
[84.6607, 3.20849]   [144.893, 12.3383]
[41.6768, 7.48726]   [105.566, 31.2598]
[114.552, 7.6048]   [174.221, 5.98908]
[65.013, 8.59835]   [128.193, 24.4053]
[97.4459, 8.56507]   [158.622, 13.1056]
[112.143, 10.2548]   [173.236, 9.35071]
[131.316, 13.7041]   [192.404, 6.32965]
[69.8916, 15.301]   [134.998, 28.8072]
[88.1023, 17.6285]   [153.51, 24.956]
[8.56557, 18.2248]   [78.4581, 52.6221]
[24.2714, 18.5522]   [93.3066, 47.52]
[14.4609, 18.7675]   [84.8121, 50.8014]
[31.497, 18.8594]   [100.37, 45.3787]
[126.189, 19.0927]   [189.634, 13.0491]
[17.0536, 21.4845]   [87.9219, 52.6441]
[141.687, 23.0343]   [205.757, 11.8299]
[76.355, 26.1713]   [144.955, 37.1826]
[165.828, 28.5363]   [230.063, 8.40341]
[64.8455, 28.7698]   [135.412, 43.186]
[86.8373, 30.5339]   [156.631, 37.3977]
[137.766, 31.2942]   [204.03, 20.5564]
[147.666, 35.9695]   [215.139, 21.891]
[134.885, 37.5733]   [203.998, 27.5591]
[131.824, 40.2771]   [202.111, 31.2416]
[22.9777, 41.5478]   [100.185, 69.6078]
[68.9469, 41.618]   [143.455, 53.9354]
[168.449, 42.4555]   [237.169, 20.6529]
[112.561, 44.3305]   [185.247, 41.5156]
[215.963, 45.3186]   [282.564, 7.2413]
[159.624, 47.6494]   [230.76, 28.5141]
[205.98, 48.7541]   [274.34, 13.7555]
[137.004, 54.2003]   [211.795, 42.4916]
[36.5162, 54.554]   [117.141, 77.4772]
[59.0322, 54.8224]   [138.556, 69.825]
[210.618, 55.9119]   [281.38, 18.7922]
[216.903, 55.8317]   [287.354, 16.4865]
[140.003, 56.9827]   [214.839, 43.5906]
[53.077, 57.6708]   [133.412, 74.6389]
[56.0988, 57.745]   [136.468, 73.7081]
[27.3397, 58.4914]   [110.108, 83.9248]
[98.9359, 58.9527]   [177.378, 59.938]
[20.4416, 59.4958]   [103.699, 87.2854]
[67.6027, 61.2369]   [148.692, 72.6851]
[165.475, 60.7576]   [240.928, 38.8339]
[46.4738, 63.0756]   [129.46, 81.1653]
[63.9953, 63.0941]   [146.001, 76.7431]
[112.381, 63.1115]   [191.527, 59.2859]
[5.68681, 64.5531]   [92.2058, 98.17]
[57.448, 64.4017]   [141.038, 79.5143]
[100.319, 65.0297]   [180.957, 65.2064]
[133.036, 67.2433]   [212.404, 56.0618]
[29.1379, 67.9829]   [115.04, 92.3886]
[169.669, 68.6657]   [247.705, 44.635]
[183.797, 68.9073]   [260.973, 39.8982]
[41.0939, 71.7223]   [127.346, 91.7901]
[70.4148, 71.6787]   [154.952, 81.6069]
[120.819, 72.2152]   [202.516, 65.1587]
[93.0678, 72.5927]   [176.603, 74.7289]
[66.7996, 73.4009]   [152.144, 84.2164]
[127.522, 74.3493]   [209.212, 65.7886]
[105.093, 75.8229]   [189.083, 74.058]
[100.918, 76.5454]   [185.338, 75.7802]
[118.176, 78.3022]   [202.359, 71.0458]
[53.4983, 78.9181]   [141.488, 94.2019]
[89.8695, 80.3989]   [176.298, 83.3224]
[61.1707, 82.8647]   [150.206, 95.1492]
[137.485, 83.4383]   [222.209, 69.7175]
[10.5105, 84.5348]   [103.028, 114.466]
[106.769, 84.4334]   [193.595, 81.456]
[28.7059, 85.82]   [120.88, 109.019]
[37.6414, 86.5843]   [129.387, 106.867]
[50.3451, 88.5131]   [141.498, 104.64]
[117.699, 90.0622]   [205.852, 82.6428]
[67.6648, 90.5479]   [158.853, 100.539]
[40.5398, 93.6395]   [134.424, 112.504]
[128.853, 94.1544]   [217.664, 82.8442]
[108.793, 95.6631]   [199.286, 91.3684]
[30.4058, 96.0378]   [125.415, 117.697]
[112.132, 96.0954]   [202.427, 89.8416]
[95.991, 96.6172]   [187.398, 96.5093]
[147.012, 97.4884]   [235.912, 79.5885]
[135.852, 100.5]   [226.289, 86.6097]
[26.9243, 102.616]   [124.843, 125.989]
[95.0008, 103.107]   [188.823, 102.925]
[130.98, 103.195]   [222.674, 90.5166]
[63.2712, 104.323]   [159.381, 114.784]
[60.2608, 105.881]   [157.216, 117.348]
[151.061, 106.442]   [242.887, 86.8232]
[3.09989, 108.068]   [104.396, 138.712]
[8.5406, 108.624]   [109.486, 137.608]
[142.322, 109.765]   [235.545, 92.8244]
[130.327, 113.059]   [225.076, 100.325]
[67.9985, 113.581]   [167.111, 121.849]
[108.445, 114.563]   [205.348, 108.856]
[123.19, 117.4]   [220.133, 106.533]
[135.125, 117.276]   [231.148, 102.915]
[88.1655, 117.872]   [187.636, 118.847]
[50.8698, 118.493]   [152.444, 132.597]
[75.1318, 120.138]   [176.162, 125.634]
[108.626, 120.351]   [207.571, 114.169]
[97.8063, 122.703]   [198.111, 120.366]
[134.639, 124.21]   [233.472, 109.658]
[67.2478, 124.339]   [169.936, 132.354]
[118.336, 125.474]   [218.369, 115.807]
[87.5916, 126.046]   [189.623, 126.851]
[60.0117, 128.246]   [164.707, 138.318]
[110.408, 129.155]   [212.138, 121.722]
[40.4288, 129.649]   [146.806, 146.748]
[131.48, 130.052]   [232.145, 115.585]
[74.483, 130.257]   [178.866, 135.302]
[69.5024, 132.468]   [174.98, 139.072]
[112.518, 135.057]   [216.497, 126.804]
[50.9812, 136.825]   [159.001, 149.695]
[143.832, 137.138]   [246.594, 117.306]
[124.621, 139.469]   [229.574, 126.525]
[126.72, 142.297]   [232.506, 128.667]
[109.669, 143.761]   [217.353, 135.747]
[153.854, 144.853]   [258.344, 121.924]
[117.822, 145.157]   [224.969, 134.833]
[14.1712, 145.865]   [127.388, 170.886]
[145.095, 146.063]   [250.717, 126.048]
[108.801, 151.092]   [217.918, 143.06]
[19.4521, 152.169]   [134.652, 174.922]
[57.6259, 152.404]   [170.428, 161.898]
[40.2614, 153.392]   [154.061, 168.359]
[23.3527, 154.034]   [139.1, 175.115]
[44.7744, 155.86]   [159.842, 169.952]
[56.412, 155.835]   [170.175, 165.915]
[113.37, 156.497]   [224.917, 146.541]
[63.3229, 157.456]   [177.537, 164.782]
[111.674, 159.501]   [223.612, 150.412]
[89.4283, 161.692]   [203.531, 159.811]
[126.959, 162.562]   [239.531, 147.472]
[62.6223, 164.068]   [179.295, 171.04]
[58.7342, 165.806]   [176.094, 173.975]
[9.21392, 167.477]   [130.085, 192.113]
[94.7534, 169.966]   [211.579, 165.843]
[71.9051, 170.985]   [190.258, 174.41]
[150.029, 172.444]   [264.091, 148.847]
[29.2836, 172.87]   [151.634, 191.212]
[92.8482, 173.367]   [210.66, 169.326]
[110.268, 182.995]   [230.447, 173.001]
[134.135, 186.864]   [254.372, 167.851]
[16.4631, 187.312]   [143.345, 208.839]
[155.728, 197.87]   [278.564, 171.361]
[34.6595, 201.938]   [165.946, 216.224]
[66.0411, 207.194]   [197.039, 210.602]
[127.008, 207.923]   [254.927, 190.687]
[9.03639, 209.96]   [144.646, 232.506]
[146.511, 218.119]   [276.65, 193.08]
[82.877, 224.536]   [218.89, 221.113]
[31.2165, 225.072]   [170.423, 238.921]
[9.8992, 225.31]   [150.175, 247.185]
[151.656, 226.962]   [284.622, 199.833]
[64.562, 228.078]   [203.224, 230.513]
[103.276, 230.47]   [239.873, 219.517]
[6.14725, 235.388]   [151.008, 257.376]
[77.0418, 236.73]   [217.484, 234.598]
[84.8564, 240.535]   [226.004, 235.268]
[132.987, 245.186]   [273.161, 223.3]
[122.611, 247.277]   [264.048, 228.865]
[52.8629, 251.825]   [199.987, 256.886]
[50.5357, 254.62]   [198.536, 260.795]
[133.669, 256.98]   [277.908, 233.746]
[126.892, 267.464]   [274.909, 246.352]
[98.1875, 270.945]   [249.142, 259.483]
[102.583, 279.363]   [256.373, 265.967]
[48.3462, 9.28969]   [113.063, 30.5175]
[122.521, 11.646]   [183.263, 7.51944]
[118.97, 14.7032]   [181.352, 11.6647]
[51.0403, 15.9172]   [117.703, 36.0941]
[162.78, 21.1342]   [224.489, 3.11983]
[166.358, 24.3834]   [228.907, 4.38173]
[85.6252, 26.5691]   [153.862, 33.97]
[139.156, 26.5176]   [204.127, 15.7213]
[41.0148, 27.1007]   [112.078, 49.7119]
[97.0445, 27.2039]   [164.741, 30.8732]
[49.0746, 27.9099]   [119.914, 48.2257]
[72.0015, 32.5069]   [143.127, 44.4706]
[67.3646, 33.6693]   [139.126, 46.9296]
[66.2779, 37.9002]   [139.418, 51.4056]
[80.6586, 38.378]   [153.39, 46.9321]
[15.7924, 40.0645]   [92.5852, 70.556]
[74.2241, 41.7842]   [148.501, 51.8861]
[198.177, 42.6637]   [265.185, 11.3273]
[151.242, 43.2238]   [221.034, 27.1278]
[129.609, 44.6398]   [201.607, 36.1748]
[147.198, 45.2554]   [218.222, 30.6525]
[120.111, 50.1685]   [194.411, 44.4028]
[148.038, 51.9379]   [220.993, 36.8358]
[193.029, 51.9799]   [263.63, 21.089]
[169.913, 53.8664]   [242.426, 31.0141]
[111.994, 54.401]   [187.877, 50.9813]
[99.3191, 54.7983]   [176.677, 55.8117]
[6.94503, 56.0436]   [89.8678, 88.4178]
[62.6488, 58.1348]   [143.019, 71.7518]
[50.1215, 61.0293]   [132.286, 78.7067]
[29.6432, 63.8423]   [113.968, 88.1281]
[168.493, 64.375]   [244.678, 41.1486]
[70.8148, 65.9078]   [153.348, 76.1376]
[91.8248, 66.6037]   [173.967, 69.9131]
[180.416, 66.3145]   [256.569, 39.0549]
[143.435, 68.2208]   [222.616, 53.3345]
[50.6368, 68.4758]   [135.289, 85.4206]
[57.8155, 68.6746]   [142.077, 83.1009]
[74.6485, 68.5063]   [157.716, 77.351]
[35.3618, 70.4733]   [121.333, 92.3208]
[163.087, 71.9152]   [242.215, 50.1646]
[167.791, 73.6564]   [247.163, 50.2525]
[109.241, 73.8253]   [192.126, 70.243]
[10.4788, 75.1309]   [99.3433, 105.043]
[92.7789, 77.4396]   [177.549, 79.3791]
[80.3088, 79.1248]   [166.858, 85.3846]
[109.181, 78.8164]   [193.925, 75.1214]
[22.8944, 85.5708]   [115.125, 111.036]
[126.287, 90.5361]   [214.491, 79.8323]
[112.66, 90.9457]   [201.218, 85.2202]
[86.6218, 99.1456]   [179.632, 101.913]
[104.159, 99.3359]   [196.236, 96.2655]
[21.9301, 100.425]   [119.219, 125.317]
[97.871, 100.269]   [190.66, 99.1826]
[127.46, 100.428]   [218.499, 89.8668]
[155.95, 101.629]   [245.493, 80.3376]
[54.5082, 104.385]   [151.436, 117.788]
[84.7448, 106.993]   [180.462, 109.914]
[155.962, 107.548]   [247.602, 86.3487]
[129.51, 108.913]   [223.264, 95.8037]
[75.5365, 109.802]   [172.936, 115.687]
[119.895, 113.11]   [215.53, 103.638]
[149.056, 112.815]   [242.808, 93.6185]
[100.501, 116.197]   [198.566, 113.251]
[116.444, 117.066]   [213.8, 108.676]
[68.142, 118.205]   [168.628, 126.175]
[30.7226, 124.105]   [135.487, 144.573]
[39.9163, 129.031]   [146.806, 146.748]
[53.9238, 133.18]   [160.416, 145.23]
[55.6726, 143.443]   [165.753, 154.184]
[158.021, 144.658]   [262.192, 119.6]
[38.0935, 145.848]   [149.997, 162.41]
[141.309, 147.502]   [247.599, 128.717]
[147.917, 147.295]   [252.926, 126.04]
[19.2616, 148.236]   [133.392, 171.347]
[53.9986, 149.686]   [166.226, 160.76]
[126.336, 149.691]   [234.426, 135.925]
[62.5599, 153.005]   [175.49, 160.898]
[115.473, 152.855]   [225.107, 142.61]
[55.4432, 160.037]   [171.321, 169.953]
[66.6881, 160.64]   [181.901, 166.531]
[81.527, 162.014]   [196.435, 162.922]
[144.229, 161.7]   [255.366, 141.019]
[30.037, 162.415]   [147.649, 179.892]
[120.959, 163.206]   [234.11, 149.985]
[32.5155, 170.475]   [152.885, 187.268]
[142.079, 170.384]   [256.112, 150.368]
[60.5909, 171.806]   [179.14, 179.025]
[111.927, 176.827]   [230.044, 166.192]
[127.89, 190.35]   [249.561, 173.643]
[23.898, 194.44]   [153.35, 213.062]
[8.328, 199.872]   [139.827, 223.182]
[70.5533, 208.449]   [201.838, 210.203]
[65.8169, 212.54]   [198.824, 215.65]
[19.5264, 214.418]   [155.913, 233.278]
[46.4004, 224.044]   [184.473, 233.193]
[84.5908, 228.699]   [221.977, 224.36]
[146.722, 232.526]   [281.657, 206.905]
[64.5097, 238.02]   [206.337, 239.82]
[20.1665, 239.579]   [165.323, 256.558]
[137.441, 243.674]   [276.703, 220.726]
[47.1557, 249.984]   [194.356, 257.176]
[114.929, 270.917]   [264.697, 253.822]
[106.642, 280.49]   [260.385, 265.403]
[86.1229, 12.8793]   [149.484, 20.9613]
[94.8523, 13.264]   [158.25, 18.1121]
[58.3712, 15.8589]   [124.552, 33.0263]
[54.8062, 23.0713]   [123.865, 41.1296]
[131.405, 26.155]   [196.821, 18.0381]
[102.565, 26.8921]   [169.77, 28.3888]
[35.3548, 28.4754]   [107.28, 53.0368]
[71.2078, 27.708]   [140.708, 39.8351]
[8.8948, 35.8596]   [84.8739, 68.9936]
[71.7482, 36.2277]   [144.192, 47.839]
[203.728, 39.2822]   [268.775, 5.78782]
[192.635, 43.0808]   [260.134, 12.7711]
[180.062, 49.6535]   [250.491, 23.4501]
[124.722, 54.9095]   [200.346, 47.7285]
[180.747, 55.2184]   [253.155, 28.1501]
[45.2104, 57.1142]   [126.131, 76.3495]
[171.039, 59.6199]   [245.502, 35.8147]
[40.6476, 60.6892]   [123.461, 81.2952]
[9.27438, 66.7454]   [96.1228, 98.541]
[62.2168, 71.1108]   [147.179, 84.0903]
[25.1556, 72.3884]   [113.075, 97.5795]
[147.307, 71.8959]   [227.23, 55.523]
[178.02, 74.8778]   [257.212, 47.8677]
[46.2501, 80.0081]   [135.233, 97.5757]
[172.263, 82.3217]   [254.363, 56.891]
[146.591, 88.3365]   [232.366, 71.22]
[161.409, 87.8407]   [246.084, 65.7314]
[12.5608, 90.7853]   [107.14, 119.261]
[45.2719, 97.6298]   [140.347, 114.63]
[160.751, 98.8884]   [249.258, 76.6439]
[141.415, 99.7776]   [231.365, 83.6266]
[35.821, 101.198]   [132.648, 121.162]
[47.0584, 104.008]   [144.334, 120.061]
[81.5103, 114.981]   [179.994, 118.312]
[142.637, 114.669]   [237.268, 97.1092]
[35.4148, 119.134]   [138.308, 138.141]
[139.353, 126.848]   [238.783, 109.573]
[95.7729, 131.901]   [199.37, 129.799]
[47.0113, 140.57]   [156.777, 154.407]
[67.8828, 149.368]   [179.174, 155.444]
[129.225, 154.808]   [238.727, 139.667]
[111.873, 170.728]   [227.792, 160.394]
[60.0139, 171.596]   [179.14, 179.025]
[134.8, 172.11]   [249.749, 154.094]
[81.046, 173.826]   [199.985, 174.14]
[138.383, 176.92]   [254.985, 157.231]
[132.111, 179.394]   [249.895, 161.778]
[120.581, 183.102]   [240.279, 169.228]
[10.4405, 187.163]   [138.316, 210.53]
[123.675, 187.807]   [245.221, 172.707]
[74.7399, 211.133]   [206.901, 211.873]
[11.8895, 214.842]   [149.118, 236.139]
[26.3163, 215.972]   [163.274, 232.103]
[80.7754, 232.307]   [219.766, 228.903]
[32.7714, 20.8323]   [102.404, 46.571]
[31.7515, 44.4857]   [109.431, 69.1372]
[56.2521, 45.7635]   [132.673, 62.0835]
[135.681, 47.9643]   [208.288, 36.9846]
[154.197, 48.9705]   [225.987, 31.3327]
[118.513, 56.4444]   [194.999, 50.894]
[72.861, 61.3317]   [153.734, 71.0785]
[21.1053, 64.8941]   [106.343, 91.9905]
[118.979, 65.9413]   [198.74, 59.6155]
[165.189, 65.9473]   [242.111, 43.7003]
[15.4966, 69.8853]   [102.848, 98.7562]
[10.2737, 79.5784]   [101.439, 109.58]
[73.5192, 89.3303]   [164.129, 97.26]
[7.75507, 96.3202]   [104.614, 126.127]
[65.6235, 103.374]   [161.295, 113.016]
[91.6318, 104.457]   [186.291, 105.189]
[137.732, 105.449]   [229.88, 90.3863]
[34.1216, 112.469]   [134.807, 132.32]
[16.7858, 113.701]   [118.851, 139.744]
[126.383, 117.789]   [223.166, 105.857]
[88.9756, 119.931]   [189.218, 120.592]
[54.8432, 126.619]   [159.249, 138.661]
[98.8576, 158.109]   [211.367, 153.091]
[136.713, 166.087]   [249.744, 147.704]
[108.039, 189.959]   [230.738, 179.73]
[31.2881, 232.808]   [173.432, 246.494]
[72.3727, 237.823]   [213.77, 237.272]
[85.8866, 246.088]   [229.36, 240.097]
[97.6167, 258.786]   [244.69, 248.084]
[127.386, 262.181]   [273.743, 241.193]
[68.6698, 262.745]   [218.674, 261.643]
[114.283, 262.734]   [261.603, 246.085]
[101.968, 277.703]   [255.074, 264.338]
[23.6014, 20.8021]   [93.4289, 49.7954]
[154.735, 33.7362]   [221.087, 17.3855]
[128.777, 36.977]   [198.259, 29.0921]
[40.7291, 40.6402]   [116.34, 62.3928]
[120.228, 96.6657]   [210.434, 88.0305]
[77.4133, 122.347]   [178.891, 126.723]
[48.6322, 143.987]   [159.23, 156.724]
[112.332, 148.679]   [220.555, 139.531]
[76.4214, 152.418]   [188.272, 155.261]
[107.092, 157.074]   [218.526, 149.301]
[98.224, 169.518]   [214.485, 163.829]
[76.033, 204.005]   [205.763, 204.039]
[121.052, 244.742]   [261.982, 226.86]
[70.1385, 254.559]   [217.16, 253.573]
[60.0103, 256.023]   [208.689, 258.42]
[103.904, 260.281]   [250.805, 247.453]
[8.66703, 19.9433]   [79.2373, 54.2161]
[18.622, 30.0783]   [92.1594, 60.1362]
[84.2353, 75.057]   [169.371, 79.9052]
[76.4285, 103.287]   [171.659, 109.191]
[115.606, 106.165]   [209.226, 98.5429]
[56.3256, 113.186]   [155.97, 125.213]
[124.904, 170.951]   [240.298, 155.87]
[114.3, 228.969]   [250.32, 214.267]
[165.224, 192.431]   [285.688, 162.355]
[104.09, 217.466]   [237.149, 207.239]
[99.2932, 247.712]   [242.531, 237.093]
[111.828, 40.0817]   [183.519, 37.4409]
[81.5807, 41.987]   [155.323, 49.8384]
[99.1589, 92.4441]   [189.384, 90.4661]
[121.757, 198.485]   [247.328, 182.285]
[44.0409, 172.304]   [165.276, 184.642]
