1536
2048
1
1.8442
12.9914
59586
0.854594
0.670244
59700
0.788189
5.70751
59586
0.872418
8.20048
59586
1536
2048
2
1.5996
13.6636
59586
1.10383
1.47817
59700
1.12368
6.99545
59586
1.28452
7.14724
59586
1536
2048
4
1.67172
17.4605
59586
1.77032
2.32437
59700
1.33334
5.72867
59586
1.34206
5.5907
59586
1536
2048
8
2.52817
19.846
59586
1.80085
2.32631
59700
1.14923
4.17552
59586
1.25274
4.3344
59586
768
1024
1
0.500472
3.92883
12083
0.289334
0.369503
12126
0.487706
3.88914
12083
0.550696
3.90038
12083
768
1024
2
0.494899
4.00316
12083
0.303212
0.444804
12126
0.37103
2.00557
12083
0.415398
1.97961
12083
768
1024
4
0.50745
4.04445
12083
0.291188
0.413235
12126
0.309053
1.0993
12083
0.333225
1.12226
12083
768
1024
8
0.499638
4.01403
12083
0.344018
0.419764
12126
0.450335
0.991552
12083
0.447931
0.880231
12083
384
512
1
0.12512
0.734848
2168
0.118675
0.0816711
2206
0.118453
0.741497
2168
0.145407
0.679713
2168
384
512
2
0.113845
0.745994
2168
0.0813541
0.112158
2206
0.0815727
0.373352
2168
0.093698
0.379894
2168
384
512
4
0.109438
0.735105
2168
0.0711144
0.100763
2206
0.0838001
0.209397
2168
0.113382
0.230037
2168
384
512
8
0.111966
0.737358
2168
0.0666591
0.093457
2206
0.136171
0.156041
2168
0.203151
0.196188
2168
192
256
1
0.0411643
0.150505
456
0.0237083
0.0277511
449
0.0314953
0.146351
456
0.0359046
0.148723
456
192
256
2
0.0282142
0.149192
456
0.0402598
0.025589
449
0.0296163
0.0858419
456
0.0240663
0.071618
456
192
256
4
0.0298884
0.149274
456
0.0182785
0.0249368
449
0.0573753
0.054149
456
0.0265503
0.0424815
456
192
256
8
0.0294762
0.147705
456
0.03033
0.018429
449
0.0687119
0.0206339
456
0.0698762
0.039005
456